box: 1.89758
cls: 0.36105
degrees: 0.0
fliplr: 0.52756
flipud: 0.0
hsv_h: 0.01852
hsv_s: 0.62426
hsv_v: 0.30038
label_smoothing: 0.0
lr0: 0.01321
lrf: 0.01032
momentum: 0.70098
perspective: 0.0
scale: 0.34871
shear: 0.0
translate: 0.09958
warmup_epochs: 1.85895
warmup_momentum: 0.91617
weight_decay: 0.00073
